  [ 'EntryPositionsManager', 0.2617606308606661 ],
  [ 'ExitPositionsManager', 0.22435744219382825 ],
  [ 'IncentivesVault', 0.038899999198205304 ],
  [ 'InterestRatesManager', 0.15420594251058325 ],
  [ 'MatchingEngine', 0.23988373447029665 ],
  [ 'Morpho', 0.02531457509527934 ],
  [ 'MorphoGovernance', 0.05515736868215736 ],
  [ 'MorphoStorage', 0.010021134202183868 ],
  [ 'MorphoUtils', 0.05658421763454346 ],
  [ 'PositionsManagerUtils', 0.026742414492282405 ],
  [ 'IEntryPositionsManager', 0.016009158154279675 ],
  [ 'IExitPositionsManager', 0.015110954561465304 ],
  [ 'IGetterUnderlyingAsset', 0.010021134202183868 ],
  [ 'IIncentivesVault', 0.010021134202183868 ],
  [ 'IInterestRatesManager', 0.010021134202183868 ],
  [ 'IMorpho', 0.010021134202183868 ],
  [ 'IOracle', 0.010021134202183868 ],
  [ 'IRewardsManager', 0.012074170985759572 ],
  [ 'IAToken', 0.012615944581425384 ],
  [ 'IAaveDistributionManager', 0.011697780908770694 ],
  [ 'IAaveIncentivesController', 0.012057062345896444 ],
  [ 'IERC20', 0.010819537395796643 ],
  [ 'ILendingPool', 0.013214746976634967 ],
  [ 'ILendingPoolAddressesProvider', 0.010021134202183868 ],
  [ 'IPriceOracleGetter', 0.010021134202183868 ],
  [ 'IScaledBalanceToken', 0.010021134202183868 ],
  [ 'IVariableDebtToken', 0.01217682282493836 ],
  [ 'ILido', 0.010021134202183868 ],
  [ 'IndexesLens', 0.04321656460833988 ],
  [ 'Lens', 0.13356906097307647 ],
  [ 'LensStorage', 0.015410355759070096 ],
  [ 'MarketsLens', 0.02337811008998047 ],
  [ 'RatesLens', 0.06605444841839699 ],
  [ 'UsersLens', 0.08255940873111378 ],
  [ 'ILens', 0.014656569214512152 ],
  [ 'InterestRatesModel', 0.07383969617326434 ],
  [ 'ReserveConfiguration', 0.023592654263665188 ],
  [ 'UserConfiguration', 0.06960197252553717 ],
  [ 'RewardsDistributor', 0.05800782081602793 ],
  [ 'FakeToken', 0.01121873899260303 ],
  [ 'PositionsManager', 0.22460532608560083 ],
  [ 'RewardsManager', 0.052060189575599936 ],
  [ 'IPositionsManager', 0.015410355759070094 ],
  [ 'IWETH', 0.010021134202183868 ],
  [ 'ICEth', 0.010273261526482638 ],
  [ 'IComptroller', 0.013001220541133873 ],
  [ 'IInterestRateModel', 0.015410355759070096 ],
  [ 'ICToken', 0.010696706135240831 ],
  [ 'ICEther', 0.010021134202183868 ],
  [ 'ICompoundOracle', 0.010021134202183868 ],
  [ 'RewardsLens', 0.07473098405645077 ],
  [ 'CompoundMath', 0.025563094883278046 ]
  0.2617606308606661
0.22435744219382825
0.038899999198205304
0.15420594251058325
0.23988373447029665
0.02531457509527934
0.05515736868215736
0.010021134202183868
0.05658421763454346
0.026742414492282405
0.016009158154279675
0.015110954561465304
0.010021134202183868
0.010021134202183868
0.010021134202183868
0.010021134202183868
0.010021134202183868
0.012074170985759572
0.012615944581425384
0.011697780908770694
0.012057062345896444
0.010819537395796643
0.013214746976634967
0.010021134202183868
0.010021134202183868
0.010021134202183868
0.01217682282493836
0.010021134202183868
0.04321656460833988
0.13356906097307647
0.015410355759070096
0.02337811008998047
0.06605444841839699
0.08255940873111378
0.014656569214512152
0.07383969617326434
0.023592654263665188
0.06960197252553717
0.05800782081602793
0.01121873899260303
0.038899999198205304
0.15420594251058325
0.23988373447029665
0.02531457509527934
0.05515736868215736
0.010021134202183868
0.05658421763454346
0.22460532608560083
0.052060189575599936
0.010021134202183868
0.010021134202183868
0.010021134202183868
0.010021134202183868
0.015410355759070094
0.012074170985759572
0.010021134202183868
0.010273261526482638
0.013001220541133873
0.015410355759070096
0.010696706135240831
0.010021134202183868
0.010021134202183868
0.04321656460833988
0.13356906097307647
0.015410355759070096
0.02337811008998047
0.06605444841839699
0.07473098405645077
0.08255940873111378
0.014656569214512152
0.025563094883278046
0.07383969617326434